[gd_scene load_steps=2 format=2]

[ext_resource path="res://models/boulder_ship_raw/boulder_ship.glb" type="PackedScene" id=1]

[node name="boulder_ship" instance=ExtResource( 1 )]
transform = Transform( -1, 0, -8.74228e-08, 0, 1, 0, 8.74228e-08, 0, -1, -1.62118e-07, 0, -1.85442 )

[node name="Wireframe001" parent="." index="0"]
transform = Transform( -0.0757937, -0.936891, 0.341308, -0.0275217, -0.340196, -0.939952, 0.996744, -0.0806358, 0, -0.892, 0, 0.618 )

[node name="Windows" parent="." index="1"]
transform = Transform( -0.0757937, -0.936891, 0.341308, -0.0275217, -0.340196, -0.939952, 0.996744, -0.0806358, 0, -0.874, 0, 0.618 )

[node name="Small Engine Left" parent="." index="2"]
transform = Transform( -1, 1.50996e-07, 0, -1.50996e-07, -1, 0, 0, 0, 1, 0.609, 1.591, -1.362 )

[node name="Main" parent="." index="3"]
transform = Transform( -0.0757937, -0.936891, 0.341308, -0.0275217, -0.340196, -0.939952, 0.996744, -0.0806358, 0, -0.85, 0, 0.618 )

[node name="Cables" parent="." index="4"]
transform = Transform( -0.87106, 0.491177, 0, -0.491177, -0.87106, 0, 0, 0, 1, -2.182, 0.751, -3.016 )

[node name="Flrames" parent="." index="5"]
transform = Transform( -0.87106, -0.491177, 0, 0.491177, -0.87106, 0, 0, 0, 1, 1.784, 0, -4.439 )

[node name="flames" parent="." index="6"]
transform = Transform( -0.87106, -0.491177, 0, 0.491177, -0.87106, 0, 0, 0, 1, -1.755, 0, -4.439 )

[node name="Big Engine Left" parent="." index="7"]
transform = Transform( -0.87106, -0.491177, 0, 0.491177, -0.87106, 0, 0, 0, 1, 1.817, 0.207, -2.46 )

[node name="Axels" parent="." index="8"]
transform = Transform( 3.57628e-07, 1, 0, -1, 3.57628e-07, 0, 0, 0, 1, 0.017, 0.548, -0.867 )
